; 1 0 0
1 2002 01 01 00 00 2.230
1 2002 01 01 00 05 0.898
1 2002 01 01 00 10 0.695
1 2002 01 01 00 15 0.371
1 2002 01 01 00 20 0.371
1 2002 01 01 00 25 0.371
1 2002 01 01 00 30 0.243
1 2002 01 01 00 35 0.243
1 2002 01 01 00 40 0.243
1 2002 01 01 00 45 0.243
1 2002 01 01 00 50 0.243
1 2002 01 01 00 55 0.243
1 2002 01 01 01 00 0.202
1 2002 01 01 01 05 0.202
1 2002 01 01 01 10 0.202
1 2002 01 01 01 15 0.202
1 2002 01 01 01 20 0.202
1 2002 01 01 01 25 0.202
1 2002 01 01 01 30 0.202
1 2002 01 01 01 35 0.202
1 2002 01 01 01 40 0.202
1 2002 01 01 01 45 0.202
1 2002 01 01 01 50 0.202
1 2002 01 01 01 55 0.202
1 2002 01 01 02 00 0.207
1 2002 01 01 02 05 0.207
1 2002 01 01 02 10 0.207
1 2002 01 01 02 15 0.207
1 2002 01 01 02 20 0.207
1 2002 01 01 02 25 0.207
1 2002 01 01 02 30 0.207
1 2002 01 01 02 35 0.207
1 2002 01 01 02 40 0.207
1 2002 01 01 02 45 0.207
1 2002 01 01 02 50 0.207
1 2002 01 01 02 55 0.207
1 2002 01 01 03 00 0.123
1 2002 01 01 03 05 0.123
1 2002 01 01 03 10 0.123
1 2002 01 01 03 15 0.123
1 2002 01 01 03 20 0.123
1 2002 01 01 03 25 0.123
1 2002 01 01 03 30 0.123
1 2002 01 01 03 35 0.123
1 2002 01 01 03 40 0.123
1 2002 01 01 03 45 0.123
1 2002 01 01 03 50 0.123
1 2002 01 01 03 55 0.123
1 2002 01 01 04 00 0.123
1 2002 01 01 04 05 0.123
1 2002 01 01 04 10 0.123
1 2002 01 01 04 15 0.123
1 2002 01 01 04 20 0.123
1 2002 01 01 04 25 0.123
1 2002 01 01 04 30 0.123
1 2002 01 01 04 35 0.123
1 2002 01 01 04 40 0.123
1 2002 01 01 04 45 0.123
1 2002 01 01 04 50 0.123
1 2002 01 01 04 55 0.123
1 2002 01 01 05 00 0.123
1 2002 01 01 05 05 0.123
1 2002 01 01 05 10 0.123
1 2002 01 01 05 15 0.123
1 2002 01 01 05 20 0.123
1 2002 01 01 05 25 0.123
1 2002 01 01 05 30 0.123
1 2002 01 01 05 35 0.123
1 2002 01 01 05 40 0.123
1 2002 01 01 05 45 0.123
1 2002 01 01 05 50 0.123
1 2002 01 01 05 55 0.107