; 1 0 0
1 2010 01 01 00 00 3.214
1 2010 01 01 00 05 1.297
1 2010 01 01 00 10 0.987
1 2010 01 01 00 15 0.536
1 2010 01 01 00 20 0.536
1 2010 01 01 00 25 0.536
1 2010 01 01 00 30 0.350
1 2010 01 01 00 35 0.350
1 2010 01 01 00 40 0.350
1 2010 01 01 00 45 0.350
1 2010 01 01 00 50 0.350
1 2010 01 01 00 55 0.350
1 2010 01 01 01 00 0.259
1 2010 01 01 01 05 0.259
1 2010 01 01 01 10 0.259
1 2010 01 01 01 15 0.259
1 2010 01 01 01 20 0.259
1 2010 01 01 01 25 0.259
1 2010 01 01 01 30 0.259
1 2010 01 01 01 35 0.259
1 2010 01 01 01 40 0.259
1 2010 01 01 01 45 0.259
1 2010 01 01 01 50 0.259
1 2010 01 01 01 55 0.259
1 2010 01 01 02 00 0.237
1 2010 01 01 02 05 0.237
1 2010 01 01 02 10 0.237
1 2010 01 01 02 15 0.237
1 2010 01 01 02 20 0.237
1 2010 01 01 02 25 0.237
1 2010 01 01 02 30 0.237
1 2010 01 01 02 35 0.237
1 2010 01 01 02 40 0.237
1 2010 01 01 02 45 0.237
1 2010 01 01 02 50 0.237
1 2010 01 01 02 55 0.237
1 2010 01 01 03 00 0.182
1 2010 01 01 03 05 0.182
1 2010 01 01 03 10 0.182
1 2010 01 01 03 15 0.182
1 2010 01 01 03 20 0.182
1 2010 01 01 03 25 0.182
1 2010 01 01 03 30 0.182
1 2010 01 01 03 35 0.182
1 2010 01 01 03 40 0.182
1 2010 01 01 03 45 0.182
1 2010 01 01 03 50 0.182
1 2010 01 01 03 55 0.182
1 2010 01 01 04 00 0.182
1 2010 01 01 04 05 0.182
1 2010 01 01 04 10 0.182
1 2010 01 01 04 15 0.182
1 2010 01 01 04 20 0.182
1 2010 01 01 04 25 0.182
1 2010 01 01 04 30 0.182
1 2010 01 01 04 35 0.182
1 2010 01 01 04 40 0.182
1 2010 01 01 04 45 0.182
1 2010 01 01 04 50 0.182
1 2010 01 01 04 55 0.182
1 2010 01 01 05 00 0.182
1 2010 01 01 05 05 0.182
1 2010 01 01 05 10 0.182
1 2010 01 01 05 15 0.182
1 2010 01 01 05 20 0.182
1 2010 01 01 05 25 0.182
1 2010 01 01 05 30 0.182
1 2010 01 01 05 35 0.182
1 2010 01 01 05 40 0.182
1 2010 01 01 05 45 0.182
1 2010 01 01 05 50 0.182
1 2010 01 01 05 55 0.146